# generated_photons_center count
8.8 54
26.3 6
43.8 10
61.3 8
78.8 13
96.3 33
113.8 27
131.3 27
148.8 19
166.3 23
183.8 34
201.3 70
218.9 62
236.4 47
253.9 63
271.4 71
288.9 98
306.4 129
323.9 146
341.4 158
358.9 216
376.4 272
393.9 364
411.4 471
429.0 526
446.5 699
464.0 933
481.5 1231
499.0 1421
516.5 1866
534.0 2117
551.5 2708
569.0 3129
586.5 3956
604.0 4183
621.5 5309
639.1 5818
656.6 6914
674.1 7409
691.6 8220
709.1 8161
726.6 8278
744.1 7066
761.6 6237
779.1 4549
796.6 3275
814.1 1843
831.6 975
849.2 445
866.7 185
884.2 79
901.7 35
919.2 6
936.7 3
954.2 3
971.7 0
989.2 0
1006.7 0
1024.2 0
1041.7 0
