2.16369
5.37925
3.8402
6.25057
5.36467
3.5539
3.39471
6.88906
6.37715
3.83902
6.82694
4.29068
3.66869
5.55871
6.3035
4.64
3.95466
2.66888
2.03605
2.53171
3.05441
6.46697
2.00184
5.57833
3.7484
3.59597
5.82151
4.84614
3.82289
2.55366
5.47674
6.89425
6.4845
2.70929
2.03339
6.77097
6.25699
6.07221
4.75446
5.43937
4.30813
6.10749
4.50474
6.27245
5.62851
2.29603
4.70871
2.4153
6.19839
6.94058
6.21235
6.687
4.89244
2.92861
3.5542
3.70678
5.54106
6.99742
6.35962
2.29343
5.09166
5.31293
2.72924
4.15339
5.31948
2.84873
6.28688
3.1948
4.14438
2.20924
4.43218
5.00688
4.16803
2.30278
4.99175
6.01092
5.71655
5.32141
4.04227
6.6079
2.12082
6.28195
5.41148
4.42175
2.97413
2.67885
2.31595
6.97039
2.30936
4.42234
2.69214
2.17749
3.10306
3.70827
5.04893
6.58042
6.05669
5.90698
3.26613
2.83535
3.7811
4.41277
6.60196
4.85302
4.87937
5.14583
5.21395
4.14351
4.82471
4.35077
6.37407
6.50551
5.86738
2.36178
5.14
3.86812
3.07629
3.63637
4.53707
3.08853
6.56768
4.42125
5.3068
2.24466
6.66056
5.28863
3.71132
4.48775
6.08879
2.96575
2.49899
4.14997
3.20705
2.97329
5.46663
3.04746
3.0275
2.50221
4.33875
6.19134
5.07391
6.84962
2.9771
5.45016
6.62917
6.29428
6.86932
2.38578
4.51482
2.39081
5.87736
2.24389
5.38813
3.48874
6.83589
6.50193
6.48702
6.41191
3.2298
6.54119
2.25861
4.54005
5.32065
3.93596
4.17059
3.48638
2.38581
6.55692
2.49767
2.13127
5.67272
4.65571
5.45708
3.48082
5.26097
4.2627
4.07542
5.26649
6.65312
3.16118
6.4193
2.25086
5.76574
6.28067
5.29535
2.1576
6.1475
3.63306
2.20052
5.08256
2.9392
3.21969
2.23495
2.45963
6.59845
3.93753
6.08901
2.07459
3.20747
2.616
6.79202
2.62391
6.74561
3.96198
6.09167
6.69946
2.49128
6.13193
5.45541
6.97945
4.8877
6.42532
3.25192
6.96588
5.3615
2.20502
4.88596
3.60085
5.36155
4.77001
4.7708
3.18144
5.38247
6.05274
3.96007
3.14256
6.99666
4.69558
4.53848
6.32441
5.16585
3.78282
5.61673
3.1518
6.38244
6.16449
3.56004
6.11302
6.59872
3.19878
5.96381
6.45941
2.36703
3.76211
2.97528
5.51696
3.65037
6.43463
3.93851
3.53599
3.47085
6.11602
4.30686
6.08734
5.95669
2.70658
4.79899
4.88585
4.79867
3.32215
2.33305
6.90208
6.52391
4.21445
5.64433
6.95935
3.3353
4.66781
3.58003
6.68507
3.69555
5.50573
6.38616
2.80677
2.77798
5.25104
3.76858
5.02392
2.15787
6.00285
5.18101
3.10421
5.26192
6.98314
4.50696
5.69654
5.64261
4.43714
5.61085
6.02613
3.82111
3.29223
2.72479
5.19672
2.29862
3.8292
2.69673
4.92238
2.97369
5.11806
2.66532
3.81634
3.14451
6.39958
4.76242
6.07706
3.33598
3.65509
2.67808
3.96773
6.42137
5.23449
2.65675
2.6496
4.06025
2.53481
3.79826
6.07744
6.80917
4.46278
4.80333
2.91193
6.84319
5.88865
2.18185
4.6861
4.6306
5.48441
6.3561
5.72033
6.19235
2.51229
3.51051
5.98435
6.16603
6.10492
3.68145
5.6381
2.2857
6.09866
5.76193
4.51003
2.14092
5.68373
5.92543
4.52275
6.09869
4.19526
6.15789
3.46942
2.48472
4.23808
4.29708
6.78598
3.966
2.63253
5.52284
3.44764
4.8827
4.20343
6.01594
2.44723
4.33644
5.71896
2.35208
4.33457
6.20955
5.60766
4.59864
4.6694
4.15282
4.92007
3.87788
4.54242
5.19967
4.43254
2.30459
4.07232
3.45214
6.00965
6.55452
6.84565
5.81492
3.35071
6.10764
4.40038
3.17123
5.55414
6.43781
6.3739
3.67572
2.51954
5.39154
6.24252
4.49305
5.04563
5.38369
5.59881
4.34341
3.24295
3.57589
3.55087
6.32934
2.23876
3.73313
6.80065
5.37321
3.241
3.222
3.92544
4.80931
2.22412
4.86099
5.82641
4.49292
2.198
3.16401
6.16854
4.44406
3.33296
2.61941
3.30216
2.77107
3.70172
4.41077
5.38888
2.3605
3.51345
4.71663
6.31837
4.43432
2.38853
4.90599
3.85777
4.81927
5.94409
5.23958
6.44316
4.59017
4.61918
6.10494
6.59575
5.04155
6.65473
4.84505
5.32008
4.51993
6.00002
2.33868
5.07884
4.91435
5.38987
4.81696
4.33128
5.97249
2.81727
4.03248
3.50466
2.50828
5.00705
6.88813
6.44459
3.91891
3.11116
6.07246
5.45547
6.26346
6.28443
5.75883
4.22706
6.4116
5.19745
3.78855
5.26226
3.20271
5.79809
5.72151
5.73099
6.86443
4.9549
3.45972
4.97411
2.91326
2.44531
6.43694
2.16634
5.79104
4.54318
4.30878
3.43719
3.89863
5.94676
6.86397
3.82114
2.18053
3.35592
4.69222
6.02973
6.15581
2.42564
5.61096
6.49073
4.67912
4.23602
5.68853
2.3347
4.58251
5.50629
3.36299
5.68952
2.75954
5.96887
3.54898
6.0828
2.30776
2.99383
6.59686
4.84455
3.65766
3.68989
5.16307
6.64784
5.31863
4.58591
2.15935
5.20272
4.28728
5.14018
3.92881
4.66387
2.13267
5.87849
3.10055
3.85204
3.97565
2.51823
5.30615
4.44115
4.68998
5.25557
4.84795
6.63303
3.35938
4.93504
5.84686
3.50703
4.65389
3.95373
6.04239
4.65352
4.89916
5.83351
6.87132
6.05792
3.01527
4.06847
6.76456
2.71204
5.19154
3.0678
6.4165
6.56125
5.47267
4.64098
6.6578
3.60579
3.56993
5.40923
4.11623
2.97016
4.85049
6.48503
4.66841
4.91085
2.70649
3.64621
6.31813
5.94339
4.1194
5.31004
2.0056
6.60334
5.99664
4.06425
4.28976
4.19767
4.61516
3.42309
4.82934
4.51298
3.95012
4.37209
4.33526
4.0782
2.61949
2.67301
3.75278
2.15534
2.04758
5.23214
4.92969
5.22449
6.45522
2.17686
5.0386
5.37966
5.35024
4.71395
3.61036
5.6516
3.20488
2.8824
6.50797
6.23374
4.07755
2.19741
6.53725
6.65373
2.07498
5.31742
6.71581
2.04048
4.65527
5.03789
2.34036
4.58807
4.10428
6.09317
6.42989
5.82052
4.1544
2.57363
6.26309
3.24414
5.21641
2.17003
4.51492
5.46588
3.99311
2.75043
2.36017
4.06693
2.78503
6.71851
6.11836
4.43588
2.85719
6.84424
5.43614
2.91041
4.17293
2.62474
6.09782
4.84508
6.07426
3.0517
4.09919
2.40651
5.36904
6.2101
2.26618
4.81284
3.64024
2.91503
6.8752
5.77365
4.55331
6.45293
4.50402
4.11427
5.28267
3.64316
4.47304
2.73306
2.87434
2.20153
2.41456
5.28654
2.36811
6.12065
4.07568
5.21252
3.49127
2.95514
4.90476
4.78152
2.84116
4.65754
6.35454
3.73686
5.9478
2.63987
2.30473
6.57431
3.1993
3.77989
3.45887
3.43148
6.85086
4.19077
3.25318
4.23847
5.78402
6.84612
3.3736
3.49052
3.90441
6.88595
3.12081
4.18412
4.82047
5.25633
2.52728
6.60597
5.84618
6.05859
4.09824
6.45113
6.08607
3.10265
4.52108
2.22272
3.62953
2.67363
4.14226
3.28899
5.31078
4.36155
2.31769
2.435
2.42153
3.44985
4.02079
6.68025
3.83429
5.8562
2.28665
4.58505
6.31463
4.23448
6.56982
4.56497
4.77436
2.47573
6.19669
2.39917
4.31742
3.58475
2.36505
6.74399
2.24886
3.89303
3.02559
6.56768
4.71925
3.78276
6.12153
4.77912
2.97768
3.68646
3.32718
5.85301
3.5884
3.20417
5.42317
5.61482
4.18859
5.03937
6.92493
3.35014
4.02878
2.10508
5.08927
2.80895
4.11368
3.64572
5.28671
4.593
3.36152
2.12417
3.79641
2.54455
6.94288
5.49009
3.75829
2.09495
5.43968
2.08293
5.96205
4.09911
6.59216
5.79699
3.37103
2.33523
3.12258
2.77746
5.35628
4.09474
4.59652
4.51883
5.16548
2.65611
2.38508
2.10765
5.24926
4.19877
3.89303
3.17818
4.57175
2.62507
4.70582
2.32552
6.90328
2.07846
5.85732
2.17589
2.4214
3.34164
4.57992
3.42232
4.68115
3.33898
4.4476
4.12482
6.66364
3.92593
2.84402
6.22558
6.01877
2.50418
2.24072
4.82176
4.57599
3.44512
3.19504
6.50214
4.78608
3.60791
4.04349
5.32847
6.01348
5.00873
6.67818
5.72289
3.71229
2.4696
3.14071
4.15675
6.91724
6.40544
5.3275
4.70674
3.81938
6.89996
4.8078
4.68714
5.21563
6.38102
2.52892
5.0531
3.07771
5.74864
4.68255
2.28157
5.67117
4.11887
6.97254
5.34755
4.07894
6.08399
3.03605
3.32749
2.82429
6.9746
3.72498
6.41439
5.01172
2.48381
5.54435
3.29058
5.40433
3.6671
2.11914
5.13468
5.2279
5.34572
3.11411
3.64054
5.45816
4.6601
2.59634
6.54713
6.94708
2.22166
6.89018
2.09128
5.30608
6.49367
6.31906
6.33303
5.67713
6.76849
3.93553
4.33128
4.00077
6.72478
2.7229
4.05668
2.57129
2.5363
2.22583
4.16453
2.09685
5.78653
5.03238
3.01629
6.54687
6.50322
5.80592
2.13255
4.10281
6.70985
5.83123
5.63114
4.16698
2.10339
3.75102
3.10792
6.60787
6.51521
6.1518
4.06319
3.47627
5.64403
4.75542
5.69157
3.20924
3.02545
4.71874
5.96108
2.49569
5.48036
4.07934
5.41429
4.18501
5.79446
3.37474
6.18361
6.24848
2.09109
5.01135
6.76848
6.03359
5.59942
3.71873
6.90565
4.16417
3.94678
6.30472
6.87238
4.95474
4.66567
6.70784
2.0319
4.97104
5.29257
4.6143
3.61002
6.28906
5.32945
5.452
6.69309
5.67774
2.16096
6.04138
4.81334
6.01529
2.2255
2.78768
2.48091
6.85568
3.66445
4.61122
4.28554
5.99318
4.03801
6.17838
6.74429
4.61355
4.03481
2.093
3.38374
4.18074
2.95162
2.78865
3.75719
6.21833
5.87706
4.57565
5.45552
5.87622
4.25013
2.79528
3.65558
3.42258
4.25416
3.71786
6.31224
5.48195
6.38728
4.2802
6.63633
6.91865
5.92437
3.49135
5.65321
4.32527
4.73778
2.8637
2.83215
5.56417
5.30316
3.87971
4.28231
2.38438
5.2972
3.84961
5.64182
5.38976
6.34023
6.22719
4.66549
5.21946
5.07153
4.9686
5.91232
3.51139
3.50873
5.30545
3.03099
2.53583
5.11591
3.58178
2.62087
4.25679
4.7418
2.41141
3.76431
5.25123
5.34676
4.94237
2.75687
5.93346
2.05137
5.60219
5.26576
3.61561
6.49757
5.46193
4.48178
3.90467
2.68025
2.55159
3.16832
6.35625
3.15242
4.55116
2.93828
5.12872
3.29895
2.46262
4.02424
5.33112
2.13195
6.52218
4.11709
4.90876
4.28254
4.61102
2.40976
3.22676
2.67432
3.49571
3.56197
6.30021
4.36012
2.20018
4.45816
2.21736
3.89625
6.80241
3.97188
3.28373
5.64574
3.49895
3.58904
6.42447
3.12706
4.20891
2.83063
6.65198
4.49849
6.24298
3.92318
6.04877
2.26322
2.33729
2.95826
4.88422
2.28924
5.27136
3.33666
3.03225
6.43099
4.6844
4.71221
6.90809
5.30965
2.06051
4.08666
3.98262
4.89193
6.41012
4.25482
3.42898
6.51777
3.06286
3.26844
4.9031
6.98891
2.03023
4.18427
3.70584
5.85075
6.82988
4.88505
5.97027
6.14154
5.52492
4.34731
6.46021
3.93878
3.39888
5.17215
5.0501
2.42317
2.62214
6.18502
6.55139
5.15381
3.80716
6.97862
3.4547
6.45777
4.11424
2.45583
5.5356
5.8356
6.33793
5.38682
2.32775
2.57548
6.67122
3.71717
4.76621
5.70529
3.7509
2.3744
5.2924
2.12769
2.65225
6.45677
4.87101
3.10599
5.73241
4.59506
3.70463
2.92609
5.15657
6.5478
3.11984
2.03831
3.99097
4.09921
6.43256
4.05524
2.58375
4.12751
3.97635
4.94196
2.23973
4.56934
4.83971
2.28372
4.54904
2.46143
2.60404
2.86479
6.58581
6.62341
4.98149
4.36831
6.24229
2.70374
3.54953
4.2715
3.02485
5.15966
3.72234
2.77473
6.47343
2.41568
2.3945
2.4946
3.14917
3.23806
6.02007
4.55771
3.30118
6.79321
4.77508
3.47943
6.41729
2.23909
3.8213
2.59992
4.70389
2.68165
2.79563
3.87595
3.07858
3.12529
4.28128
5.28347
2.84312
2.07176
4.94109
3.71147
4.50974
5.83824
6.21745
4.93907
5.5911
4.03991
3.76619
3.04292
6.61194
6.94891
6.67946
6.75492
6.22677
4.88095
5.97784
3.38139
5.05314
2.3409
4.28654
5.19387
5.78223
5.64609
3.62651
6.91174
2.07669
4.01282
4.52956
4.18325
3.81218
5.17541
5.05585
3.95336
4.84099
2.85044
3.57099
2.08931
4.41367
6.36552
3.04644
3.43692
5.92347
6.67107
6.71438
5.2662
3.73376
6.64866
3.77548
2.04665
2.97436
4.30408
2.82712
4.62394
4.33603
3.79716
3.12123
4.66911
4.42759
5.89616
5.43894
5.27431
5.47572
4.61552
2.44763
5.36154
2.44674
2.11456
3.36932
4.57776
6.9816
3.00459
2.20027
4.54013
3.89445
5.66144
2.91489
2.17774
3.45792
3.67144
5.35275
5.27073
4.86114
2.80674
3.37908
2.66907
4.45622
3.44423
2.10273
4.98176
6.55677
4.64241
5.45304
3.79381
3.55331
2.58323
2.40171
6.43407
5.46738
4.23332
6.0595
5.16648
3.9942
6.16789
4.90009
2.85631
3.25036
5.27738
6.21932
3.76718
3.3059
2.72575
6.97425
2.77646
3.97765
5.17623
3.5552
2.1505
4.77683
5.6176
6.43795
5.82217
5.83298
3.24977
3.27305
6.68372
6.59845
5.90118
5.99718
5.03915
2.04501
5.51054
2.6
6.17228
6.71229
6.55582
6.00219
6.77688
4.85575
5.58882
6.29806
5.65824
5.3817
4.31815
3.42775
6.5281
5.6907
5.20083
4.12842
3.62993
4.84871
2.00941
5.13988
4.34335
2.89664
2.34684
5.66009
6.98952
3.41436
6.13518
6.36578
6.9912
3.21387
2.36227
6.35643
4.63679
4.6646
3.75644
5.1474
2.24963
3.19269
2.01027
6.28748
3.90595
3.91885
5.51126
5.50503
6.67289
5.55757
5.62323
6.36178
3.32938
4.68097
2.99371
2.71581
6.3808
3.29231
5.03391
2.12881
4.30612
5.54645
4.29139
4.14941
2.94115
3.25095
3.71771
4.38518
3.42222
3.04044
2.53321
2.69856
6.59885
6.90964
3.01431
6.3357
6.26938
2.09483
4.3274
6.58202
6.22714
2.60894
5.48715
4.11812
3.62056
6.62349
3.28483
2.83658
3.90908
3.93697
4.52685
3.547
6.91493
4.26146
3.73423
2.9532
3.97055
2.14348
2.11645
6.54173
5.36964
3.92576
2.50741
6.93887
2.87767
3.31777
2.83098
2.97539
3.29386
2.23266
5.57513
4.06453
2.17599
6.5849
4.91039
5.12563
5.40454
2.14338
5.90789
5.94394
3.7756
2.59984
4.72006
6.54056
6.61818
2.7432
3.29547
4.32317
3.67808
2.05644
5.28274
3.29179
3.16062
2.37946
3.00372
3.13075
2.99074
6.7721
4.29557
6.4025
6.15349
4.26092
2.20929
6.72994
4.08389
3.70608
3.65955
4.20171
2.71137
6.41646
6.71004
6.82432
6.72942
3.5957
3.81845
2.09735
4.17853
4.77209
4.85765
2.57196
5.26003
3.62677
3.35603
3.12996
3.55864
2.95435
6.00377
2.78447
6.84822
6.54943
4.33195
3.2385
6.3008
6.3365
4.16724
4.09703
6.51081
5.62935
2.35746
5.36772
4.77226
2.76362
4.24853
5.47068
2.18621
3.47216
6.73033
2.63047
5.91158
6.82289
4